00100111101111011111111111011000
10101111101111110000000000100100
10101111101111100000000000100000
00000000000111011111000000100001
00000011111000001111100000001010
10101111110000000000000000011000
10101111110000000000000000011100
00000100000000010000000000001010
00000000000000000000000000000000
10001111110000110000000000011000
10001111110000100000000000011100
00000000000000000000000000000000
00000000011000100001000000100001
10101111110000100000000000011000
10001111110000100000000000011100
00000000000000000000000000000000
00100100010000100000000000000001
10101111110000100000000000011100
10001111110000100000000000011100
00000000000000000000000000000000
00000000010010100001000000101010
00010100010000001111111111110011
00000000000000000000000000000000
10001111110001010000000000011000
10001111100000100000000000000000
00000000000000000000000000000000
00100100010001001111111110011100
10001111100000100000000000000000
00000000000000000000000000000000
00000000000000101100100000100001
00000011001000001111100000001001
00000000000000000000000000000000
10001111110111000000000000010000
10001111110000100000000000011000
00000000000111101110100000100001
10001111101111110000000000100100
10001111101111100000000000100000
00100111101111010000000000101000
00001000000100000000000000001001
00000000000000000000000000000000